max_size	None
min_freq	None
unknown	<unk>
padding	<pad>
rebuild	False

﻿	3	2155	0
外	1155	72	0
媒	1335	56	0
:	532	185	0
特	6057	8	0
朗	5855	9	0
普	5737	10	0
视	797	124	0
察	839	114	0
基	318	295	0
诺	141	551	0
沙	83	757	0
示	576	170	0
威	1768	37	0
地	552	180	0
拉	440	215	0
偏	12	1542	0
架	160	511	0
猛	42	1017	0
批	269	341	0
“	2261	24	0
国	18337	2	0
内	304	307	0
恐	251	362	0
怖	106	650	0
主	2055	30	0
义	351	270	0
”	2244	25	0
暴	619	160	0
力	755	131	0
拜	2300	21	0
登	2270	23	0
民	1972	32	0
党	2305	19	0
种	654	152	0
族	559	178	0
歧	371	252	0
执	359	267	0
法	1506	48	0
指	1017	86	0
责	785	125	0
抗	1353	55	0
议	1934	33	0
防	1081	80	0
御	20	1309	0
中	7799	4	0
挑	295	321	0
战	978	91	0
?	301	313	0
美	13986	3	0
欲	44	1003	0
印	839	115	0
日	1805	36	0
澳	404	232	0
打	741	135	0
造	192	446	0
太	182	465	0
版	48	956	0
北	1590	44	0
约	817	121	0
度	957	98	0
大	3300	16	0
利	782	127	0
亚	940	100	0
本	1150	73	0
新	6559	6	0
德	962	95	0
里	385	240	0
演	418	223	0
习	258	352	0
集	561	175	0
团	316	297	0
比	219	409	0
根	107	648	0
前	417	224	0
共	917	105	0
和	1311	58	0
全	863	110	0
委	111	629	0
员	839	116	0
会	1540	46	0
席	104	655	0
背	62	847	0
离	1216	62	0
建	225	400	0
精	29	1173	0
神	50	935	0
斯	1253	61	0
蒂	39	1059	0
尔	462	208	0
人	4648	13	0
迈	28	1183	0
克	463	206	0
每	74	782	0
镜	14	1467	0
报	470	201	0
港	193	445	0
部	966	93	0
长	673	149	0
级	164	500	0
对	1179	68	0
话	300	315	0
将	772	128	0
讨	67	821	0
论	489	196	0
题	143	542	0
合	414	225	0
作	386	239	0
意	252	360	0
图	137	567	0
白	678	148	0
宫	376	249	0
贸	829	119	0
易	838	118	0
顾	118	611	0
问	958	97	0
纳	173	483	0
瓦	54	909	0
罗	365	260	0
或	362	265	0
封	298	317	0
杀	234	386	0
更	194	443	0
多	636	156	0
应	465	204	0
用	337	283	0
程	115	618	0
序	24	1242	0
抵	165	496	0
制	1682	39	0
经	2297	22	0
济	2229	26	0
破	718	140	0
坏	560	177	0
市	1054	82	0
场	1060	81	0
企	233	389	0
业	842	112	0
联	684	145	0
社	312	305	0
安	378	246	0
理	225	401	0
举	1468	50	0
行	785	126	0
峰	54	910	0
后	446	213	0
疫	7618	5	0
情	5188	11	0
时	437	218	0
代	180	470	0
球	660	151	0
胁	1216	63	0
阿	420	221	0
巴	324	291	0
尼	365	261	0
际	322	292	0
感	1562	45	0
叹	5	1949	0
我	268	343	0
们	133	577	0
被	529	186	0
欧	988	90	0
洲	963	94	0
起	341	277	0
来	419	222	0
无	309	306	0
了	449	211	0
裁	1042	84	0
英	1488	49	0
协	265	345	0
加	770	129	0
码	20	1310	0
刑	40	1047	0
事	739	136	0
院	1432	51	0
,	206	429	0
再	367	258	0
一	1215	65	0
次	345	273	0
触	46	984	0
犯	255	355	0
众	474	198	0
怒	47	971	0
权	761	130	0
击	1516	47	0
蓬	326	290	0
佩	413	228	0
奥	463	207	0
官	544	183	0
洛	142	547	0
西	438	217	0
因	227	393	0
发	1403	53	0
件	265	346	0
遭	223	405	0
奚	3	2156	0
落	68	815	0
口	1727	38	0
罩	954	99	0
店	49	945	0
南	428	220	0
希	126	593	0
道	213	418	0
歉	12	1543	0
到	356	269	0
访	839	117	0
震	40	1048	0
引	223	406	0
争	377	247	0
导	1014	87	0
文	236	381	0
化	227	394	0
抬	11	1585	0
选	6468	7	0
骚	163	504	0
乱	282	334	0
害	143	543	0
警	1013	88	0
袭	388	236	0
黑	495	193	0
晤	194	444	0
削	42	1018	0
减	168	490	0
天	339	279	0
城	248	365	0
资	342	275	0
金	338	281	0
纽	297	319	0
州	1179	69	0
怼	20	1311	0
他	173	484	0
又	163	505	0
不	1115	75	0
是	612	164	0
王	53	914	0
备	455	209	0
忘	15	1426	0
录	126	594	0
华	1190	67	0
盛	153	521	0
顿	236	382	0
邦	86	739	0
科	290	326	0
莫	74	783	0
想	104	656	0
单	409	231	0
独	57	891	0
斗	61	853	0
冠	4618	14	0
苗	1399	54	0
立	243	374	0
专	314	300	0
家	1053	83	0
痛	43	1012	0
病	4903	12	0
毒	2303	20	0
博	191	449	0
弈	92	704	0
研	464	205	0
否	112	625	0
认	236	383	0
诋	6	1862	0
毁	82	761	0
阵	45	995	0
亡	2055	31	0
军	2641	18	0
辩	332	288	0
称	550	181	0
未	218	410	0
参	806	122	0
观	153	522	0
公	733	138	0
墓	10	1630	0
出	1096	78	0
于	253	357	0
保	248	366	0
原	131	582	0
洋	94	697	0
月	293	323	0
刊	33	1118	0
拒	111	630	0
绝	97	685	0
披	47	972	0
露	89	719	0
曾	94	698	0
蔑	12	1544	0
为	1257	60	0
失	561	176	0
败	182	466	0
者	725	139	0
、	209	424	0
傻	3	2157	0
帽	6	1863	0
儿	168	491	0
死	2162	28	0
期	270	340	0
间	177	479	0
透	132	580	0
网	375	250	0
接	314	301	0
连	166	495	0
!	70	807	0
生	1129	74	0
物	138	562	0
实	373	251	0
验	123	598	0
室	58	882	0
曝	60	860	0
光	82	762	0
设	156	515	0
个	466	202	0
已	334	286	0
有	673	150	0
近	318	296	0
暗	50	936	0
秘	74	784	0
密	163	506	0
二	178	478	0
投	244	373	0
票	1156	71	0
混	27	1199	0
重	536	184	0
复	264	347	0
罪	54	911	0
政	1875	35	0
策	1216	64	0
卡	187	460	0
邮	122	601	0
寄	71	799	0
总	933	102	0
统	921	104	0
服	191	450	0
务	369	254	0
担	145	537	0
心	285	330	0
疾	90	714	0
控	565	173	0
受	320	294	0
摆	55	901	0
布	529	187	0
福	557	179	0
奇	483	197	0
准	180	471	0
信	238	377	0
各	162	508	0
分	303	309	0
T	276	337	0
i	145	538	0
k	207	427	0
o	164	501	0
禁	187	461	0
令	240	376	0
4	471	200	0
0	1681	40	0
名	527	188	0
络	82	763	0
教	133	578	0
师	60	861	0
计	864	109	0
学	1333	57	0
校	414	226	0
收	495	194	0
入	615	162	0
亨	11	1586	0
止	189	454	0
字	86	740	0
节	95	693	0
跳	22	1274	0
动	693	142	0
考	381	243	0
频	341	278	0
丨	227	395	0
春	45	996	0
莹	36	1085	0
反	588	167	0
何	236	384	0
把	47	973	0
在	962	96	0
如	188	457	0
此	87	733	0
仰	7	1797	0
望	111	631	0
的	1428	52	0
位	175	480	0
置	14	1468	0
卿	63	839	0
声	182	467	0
卑	4	2040	0
躬	5	1950	0
屈	11	1587	0
膝	5	1951	0
言	235	385	0
交	524	189	0
枪	495	195	0
非	191	451	0
裔	87	734	0
男	89	720	0
子	314	302	0
首	369	255	0
2	972	92	0
小	146	535	0
都	147	532	0
疼	5	1952	0
赛	62	848	0
维	120	606	0
判	121	602	0
开	439	216	0
塔	110	638	0
盘	43	1013	0
司	447	212	0
线	141	552	0
取	210	421	0
消	350	271	0
副	59	874	0
候	889	107	0
哈	139	558	0
活	232	391	0
样	68	816	0
现	365	262	0
玛	15	1427	0
确	2163	27	0
波	157	514	0
士	234	387	0
数	1640	42	0
万	1090	79	0
染	1680	41	0
与	571	172	0
关	648	154	0
例	2732	17	0
传	267	344	0
组	188	458	0
技	139	559	0
术	98	683	0
两	589	166	0
拼	9	1691	0
找	14	1469	0
敌	48	957	0
俄	634	157	0
点	201	436	0
说	179	474	0
质	73	792	0
疑	105	651	0
脸	46	985	0
机	823	120	0
构	109	642	0
干	302	310	0
涉	302	311	0
竞	1168	70	0
断	112	626	0
周	253	358	0
围	51	925	0
装	285	331	0
栏	10	1631	0
表	281	335	0
广	74	785	0
播	108	646	0
N	224	402	0
B	162	509	0
C	249	364	0
三	269	342	0
要	437	219	0
求	215	412	0
药	103	661	0
检	930	103	0
预	247	367	0
突	739	137	0
然	67	822	0
改	137	568	0
善	15	1428	0
测	1021	85	0
伯	40	1049	0
影	164	502	0
响	153	523	0
就	411	230	0
上	498	191	0
超	565	174	0
过	367	259	0
1	1212	66	0
申	89	721	0
请	101	666	0
救	109	643	0
调	350	272	0
查	226	398	0
几	76	776	0
乎	25	1228	0
武	853	111	0
器	648	155	0
方	875	108	0
持	451	210	0
续	299	316	0
酵	2	2315	0
冲	715	141	0
游	188	459	0
紧	631	158	0
张	574	171	0
路	170	488	0
丁	14	1470	0
7	363	263	0
下	466	203	0
降	84	753	0
鲁	83	758	0
嘉	7	1798	0
宾	111	632	0
赏	14	1471	0
烟	17	1375	0
花	32	1129	0
势	184	464	0
浩	3	2158	0
这	304	308	0
幕	41	1033	0
差	52	921	0
巨	58	883	0
致	256	354	0
治	233	390	0
提	380	244	0
攻	130	586	0
环	608	165	0
境	503	190	0
目	142	548	0
鼓	14	1472	0
吹	15	1429	0
启	99	679	0
藐	3	2159	0
律	104	657	0
诉	185	462	0
讼	89	722	0
其	215	413	0
明	286	329	0
显	129	587	0
滥	22	1275	0
源	71	800	0
规	150	526	0
模	90	715	0
证	217	411	0
症	49	946	0
状	151	525	0
严	152	524	0
诊	2086	29	0
究	227	396	0
达	316	298	0
谋	45	997	0
划	208	426	0
高	548	182	0
别	96	687	0
谈	169	489	0
凑	2	2316	0
四	165	497	0
盟	377	248	0
莱	86	741	0
恩	102	663	0
伙	19	1334	0
伴	22	1276	0
系	380	245	0
进	582	169	0
决	165	498	0
阶	66	827	0
段	86	742	0
肆	39	1060	0
辱	9	1692	0
骂	10	1632	0
隔	1101	77	0
竟	24	1243	0
年	583	168	0
诡	1	2546	0
异	25	1229	0
相	179	475	0
似	37	1077	0
最	442	214	0
优	57	892	0
—	64	835	0
当	652	153	0
慑	10	1633	0
濒	10	1634	0
海	913	106	0
舰	213	419	0
速	117	614	0
所	156	516	0
操	91	711	0
纵	89	723	0
役	123	599	0
付	31	1146	0
L	20	1312	0
S	62	849	0
千	92	705	0
肺	752	133	0
炎	752	134	0
增	1608	43	0
马	238	378	0
区	171	486	0
该	99	680	0
弗	65	830	0
伊	631	159	0
案	264	348	0
处	76	777	0
以	257	353	0
由	76	778	0
残	7	1799	0
忍	11	1588	0
乔	21	1291	0
庭	52	922	0
康	135	574	0
星	174	481	0
往	74	786	0
损	91	712	0
停	213	420	0
向	254	356	0
简	44	1004	0
愤	12	1545	0
兰	301	314	0
身	111	633	0
卫	368	256	0
谴	30	1159	0
则	53	915	0
掩	3	2160	0
盖	25	1230	0
府	395	234	0
息	246	370	0
斥	48	958	0
之	224	403	0
还	179	476	0
嫌	51	926	0
够	17	1376	0
秩	11	1589	0
甲	12	1546	0
车	180	472	0
韩	684	146	0
私	41	1034	0
撞	14	1473	0
故	55	902	0
抱	16	1404	0
川	9	1693	0
互	45	998	0
呛	10	1635	0
狂	17	1377	0
妄	12	1547	0
扬	18	1355	0
领	315	299	0
域	94	699	0
必	64	836	0
须	47	974	0
恢	88	729	0
爱	66	828	0
育	36	1086	0
塑	60	862	0
料	136	569	0
体	396	233	0
评	144	540	0
述	34	1107	0
捷	34	1108	0
窜	3	2161	0
台	1109	76	0
湾	935	101	0
闪	10	1636	0
待	76	779	0
胜	338	282	0
得	189	455	0
成	498	192	0
齐	12	1548	0
局	247	368	0
卢	40	1050	0
队	383	242	0
颜	7	1800	0
色	84	754	0
革	131	583	0
命	197	440	0
磋	19	1335	0
商	201	437	0
面	263	349	0
临	138	563	0
笔	13	1509	0
记	238	379	0
电	181	468	0
脑	35	1098	0
短	50	937	0
缺	42	1019	0
货	73	793	0
烧	47	975	0
钱	53	916	0
愈	26	1213	0
烈	51	927	0
历	89	724	0
史	92	706	0
昂	1	2547	0
贵	6	1864	0
元	755	132	0
支	289	327	0
费	139	560	0
能	384	241	0
只	101	667	0
靠	34	1109	0
喊	27	1200	0
着	56	897	0
让	131	584	0
听	55	903	0
它	7	1801	0
少	214	415	0
避	58	884	0
免	283	333	0
京	1290	59	0
医	686	143	0
柏	18	1356	0
林	88	730	0
疗	108	647	0
班	121	603	0
农	61	854	0
修	41	1035	0
墙	10	1637	0
骗	21	1292	0
戳	3	2162	0
穿	32	1130	0
仍	160	512	0
牌	34	1110	0
承	154	519	0
延	156	517	0
误	74	787	0
门	96	688	0
红	41	1036	0
章	35	1099	0
给	102	664	0
带	72	796	0
悲	12	1549	0
剧	85	749	0
性	314	303	0
率	327	289	0
血	30	1160	0
浆	14	1474	0
急	149	527	0
F	105	652	0
D	104	658	0
A	138	564	0
绪	16	1405	0
泛	15	1430	0
囚	29	1174	0
使	246	371	0
监	114	622	0
狱	35	1100	0
低	64	837	0
正	302	312	0
式	147	533	0
邓	6	1865	0
仙	4	2041	0
爆	156	518	0
潮	34	1111	0
飓	48	959	0
风	199	438	0
劳	53	917	0
5	619	161	0
居	100	674	0
勒	63	840	0
转	88	731	0
移	78	770	0
萨	95	694	0
墨	51	928	0
哥	95	695	0
那	71	801	0
半	95	696	0
存	77	775	0
水	163	507	0
平	358	268	0
储	210	422	0
亿	339	280	0
违	49	947	0
讲	86	743	0
终	79	768	0
惹	20	1313	0
友	171	487	0
迷	19	1336	0
看	111	634	0
秀	14	1475	0
亲	48	960	0
唱	14	1476	0
赞	35	1101	0
歌	46	986	0
挨	4	2042	0
%	119	609	0
自	298	318	0
朝	805	123	0
鲜	680	147	0
夫	96	689	0
I	88	732	0
伤	141	553	0
瘫	6	1866	0
痪	6	1867	0
从	134	576	0
夏	20	1314	0
夷	15	1431	0
黎	51	929	0
属	40	1051	0
岛	190	453	0
屿	6	1868	0
热	60	863	0
结	222	407	0
果	226	399	0
3	473	199	0
变	135	575	0
量	168	492	0
搭	23	1261	0
档	13	1510	0
贺	79	769	0
锦	6	1869	0
丽	13	1511	0
价	120	607	0
菲	91	713	0
股	165	499	0
泡	8	1736	0
沫	7	1802	0
跌	111	635	0
G	195	441	0
P	136	570	0
既	1	2548	0
喜	31	1147	0
欢	48	961	0
也	96	690	0
Z	21	1293	0
世	362	266	0
左	15	1432	0
右	11	1590	0
抨	15	1433	0
若	75	781	0
任	252	361	0
继	119	610	0
霸	42	1020	0
凌	32	1131	0
贬	3	2163	0
注	83	759	0
定	234	388	0
束	56	898	0
虑	94	700	0
宜	8	1737	0
诸	7	1803	0
挺	8	1738	0
营	48	962	0
气	102	665	0
氛	9	1694	0
米	60	864	0
歇	39	1061	0
桑	50	938	0
没	181	469	0
快	224	404	0
讯	185	463	0
宣	253	359	0
功	47	976	0
弹	1005	89	0
刺	56	899	0
射	206	430	0
切	68	817	0
拨	30	1161	0
款	84	755	0
逼	37	1078	0
获	138	565	0
择	26	1214	0
手	209	425	0
材	15	1434	0
态	139	561	0
健	30	1162	0
6	388	237	0
叙	59	875	0
财	110	639	0
撤	247	369	0
石	174	482	0
油	227	397	0
火	413	229	0
至	214	416	0
雷	97	686	0
山	202	434	0
污	111	636	0
圣	37	1079	0
早	78	771	0
强	287	328	0
倒	47	977	0
戈	26	1215	0
键	78	772	0
推	343	274	0
陷	69	809	0
孤	18	1357	0
升	220	408	0
微	65	831	0
援	126	595	0
街	85	750	0
算	89	725	0
换	32	1132	0
掉	33	1119	0
埃	71	802	0
珀	12	1550	0
效	60	865	0
彭	63	841	0
站	68	818	0
黄	41	1037	0
旧	48	963	0
尽	30	1163	0
管	101	668	0
峻	16	1406	0
课	48	964	0
旬	8	1739	0
迫	46	987	0
据	230	392	0
告	342	276	0
扣	9	1695	0
押	7	1804	0
艘	69	810	0
瑞	143	544	0
运	121	604	0
输	64	838	0
船	118	612	0
隐	41	1038	0
忧	99	681	0
办	81	764	0
护	144	541	0
激	128	588	0
戴	141	554	0
耶	33	1120	0
并	63	842	0
招	48	965	0
遏	25	1231	0
略	167	494	0
寥	2	2317	0
拟	112	627	0
危	115	619	0
/	5	1953	0
轻	32	1133	0
念	38	1067	0
头	162	510	0
焦	50	939	0
抑	3	2164	0
郁	2	2318	0
杂	10	1638	0
工	371	253	0
深	90	716	0
甚	11	1591	0
津	15	1435	0
贴	41	1039	0
险	126	596	0
零	30	1164	0
售	189	456	0
慰	4	2043	0
知	127	591	0
去	143	545	0
苦	18	1358	0
弟	18	1359	0
格	132	581	0
税	148	530	0
.	368	257	0
同	260	351	0
常	90	717	0
做	92	707	0
吉	63	843	0
杰	15	1436	0
积	33	1121	0
扼	2	2319	0
东	210	423	0
却	90	718	0
沉	21	1294	0
甩	16	1407	0
锅	13	1512	0
折	14	1477	0
聚	49	948	0
先	92	708	0
但	89	726	0
展	202	435	0
绕	14	1478	0
签	148	531	0
署	123	600	0
助	136	571	0
屡	7	1805	0
煽	7	1806	0
仇	6	1870	0
诀	3	2165	0
遗	18	1360	0
产	215	414	0
累	192	447	0
闻	121	605	0
析	62	850	0
征	46	988	0
·	61	855	0
茨	23	1262	0
排	94	701	0
挤	5	1954	0
纯	5	1955	0
垃	65	832	0
圾	65	833	0
放	192	448	0
弃	51	930	0
籍	42	1021	0
创	205	432	0
纪	117	615	0
综	28	1184	0
惊	32	1134	0
退	116	616	0
群	93	702	0
挥	17	1378	0
核	333	287	0
摊	7	1807	0
施	294	322	0
古	51	931	0
硬	57	893	0
佛	73	794	0
兴	43	1014	0
趣	9	1696	0
邀	17	1379	0
通	321	293	0
阴	54	912	0
坚	115	620	0
照	47	978	0
片	245	372	0
弄	7	1808	0
窘	1	2549	0
8	313	304	0
童	111	637	0
织	146	536	0
界	241	375	0
鹰	13	1513	0
派	100	675	0
完	109	644	0
笑	27	1201	0
困	60	866	0
惑	2	2320	0
今	113	623	0
远	62	851	0
溪	13	1514	0
-	99	682	0
回	336	284	0
草	18	1361	0
寻	38	1068	0
永	35	1102	0
久	24	1244	0
父	40	1052	0
母	172	485	0
试	251	363	0
舱	6	1871	0
孩	53	918	0
攀	12	1551	0
掀	16	1408	0
浪	29	1175	0
刻	42	1022	0
锡	15	1437	0
端	179	477	0
很	101	669	0
难	278	336	0
盗	16	1409	0
窃	42	1023	0
贝	50	940	0
炸	87	735	0
像	52	923	0
可	387	238	0
怕	58	885	0
迹	13	1515	0
象	42	1024	0
嫩	22	1277	0
流	100	676	0
户	44	1005	0
傲	5	1956	0
慢	20	1315	0
冰	15	1438	0
冈	19	1337	0
侵	284	332	0
索	58	886	0
岸	39	1062	0
百	103	662	0
摇	40	1053	0
滚	4	2044	0
己	49	949	0
书	104	659	0
迄	3	2166	0
扰	21	1295	0
帖	4	2045	0
删	19	1338	0
除	105	653	0
塞	110	640	0
标	112	628	0
横	9	1697	0
审	38	1069	0
解	238	380	0
散	195	442	0
步	80	766	0
搅	11	1592	0
底	131	585	0
供	145	539	0
细	38	1070	0
距	51	932	0
弥	9	1698	0
纾	33	1122	0
崩	12	1552	0
皮	20	1316	0
扮	7	1809	0
艾	20	1317	0
奖	38	1071	0
七	52	924	0
空	414	227	0
条	141	555	0
景	45	999	0
堪	31	1148	0
走	68	819	0
驻	363	264	0
迟	59	876	0
况	65	834	0
骨	11	1593	0
享	19	1339	0
掏	6	1872	0
压	86	744	0
职	85	751	0
汪	46	989	0
斌	46	990	0
赤	17	1380	0
裸	10	1639	0
径	13	1516	0
尊	10	1640	0
错	63	844	0
扩	205	433	0
羞	5	1957	0
裂	29	1176	0
痕	9	1699	0
矛	14	1479	0
直	107	649	0
搞	31	1149	0
翰	118	613	0
霍	86	745	0
清	127	592	0
锣	5	1958	0
抢	20	1318	0
辉	71	803	0
K	11	1594	0
负	85	752	0
炊	1	2550	0
娃	6	1873	0
缩	29	1177	0
患	89	727	0
什	149	528	0
肯	36	1087	0
僚	14	1480	0
梅	32	1135	0
采	276	338	0
村	14	1481	0
跑	22	1278	0
老	101	670	0
郊	5	1959	0
充	12	1553	0
满	59	877	0
牙	58	887	0
陀	2	2321	0
河	17	1381	0
晚	49	950	0
泽	26	1216	0
坡	35	1103	0
炮	41	1040	0
轰	69	811	0
项	100	677	0
冷	335	285	0
慌	72	797	0
抹	36	1088	0
拿	93	703	0
犹	15	1439	0
驳	62	852	0
乌	29	1178	0
土	149	529	0
双	80	767	0
悔	11	1595	0
好	160	513	0
著	22	1279	0
阳	110	641	0
敦	96	691	0
促	89	728	0
撮	1	2551	0
客	168	493	0
阻	67	823	0
挠	8	1740	0
谣	26	1217	0
9	297	320	0
仗	8	1741	0
趋	28	1185	0
浇	2	2322	0
渐	14	1482	0
挽	6	1874	0
拢	13	1517	0
均	74	788	0
怨	6	1875	0
么	180	473	0
谁	45	1000	0
苏	113	624	0
珊	3	2167	0
赖	26	1218	0
筹	24	1245	0
肖	18	1362	0
逮	20	1319	0
捕	69	812	0
悬	19	1340	0
女	125	597	0
等	143	546	0
鞋	2	2323	0
叫	25	1232	0
麦	78	773	0
返	57	894	0
糟	40	1054	0
购	292	324	0
适	12	1554	0
挫	14	1483	0
遣	17	1382	0
赴	38	1072	0
极	69	813	0
秋	20	1320	0
季	92	709	0
形	60	867	0
倍	59	878	0
瓶	2	2324	0
颈	2	2325	0
具	42	1025	0
追	40	1055	0
买	86	746	0
枚	24	1246	0
森	60	868	0
订	92	710	0
益	40	1056	0
送	55	904	0
逊	66	829	0
伍	22	1280	0
迪	36	1089	0
伦	71	804	0
彻	15	1440	0
呼	101	671	0
吁	101	672	0
M	63	845	0
萎	7	1810	0
依	44	1006	0
号	104	660	0
刚	199	439	0
灭	31	1150	0
迭	7	1811	0
稿	32	1136	0
漠	6	1876	0
催	10	1641	0
蜜	4	2046	0
见	73	795	0
富	274	339	0
汗	206	431	0
足	35	1104	0
慨	3	2168	0
遇	74	789	0
虐	27	1202	0
另	14	1484	0
芝	33	1123	0
婴	5	1960	0
探	24	1247	0
越	142	549	0
抓	5	1961	0
臣	20	1321	0
缘	10	1642	0
假	46	991	0
即	50	941	0
尤	10	1643	0
怪	13	1518	0
函	3	2169	0
恳	2	2326	0
勿	20	1322	0
《	136	572	0
》	136	573	0
思	41	1041	0
志	34	1112	0
猫	11	1596	0
姆	42	1026	0
竭	4	2047	0
荒	18	1363	0
品	142	550	0
销	63	846	0
留	128	589	0
召	19	1341	0
五	138	566	0
麻	22	1281	0
省	23	1263	0
始	60	869	0
胡	33	1124	0
八	28	1186	0
吧	16	1410	0
呈	78	774	0
凯	32	1137	0
佐	71	805	0
燃	23	1264	0
扑	14	1485	0
栖	10	1644	0
幅	40	1057	0
丑	9	1700	0
幸	9	1701	0
奸	1	2552	0
兄	6	1877	0
扎	21	1296	0
吐	13	1519	0
槽	12	1555	0
真	86	747	0
厌	1	2553	0
寅	15	1441	0
宴	7	1812	0
谎	33	1125	0
随	21	1297	0
厚	4	2048	0
耻	8	1742	0
H	11	1597	0
恶	87	736	0
允	36	1090	0
许	86	748	0
庇	8	1743	0
板	30	1165	0
丹	38	1073	0
W	44	1007	0
O	69	814	0
配	19	1342	0
粮	15	1442	0
兵	109	645	0
逾	128	590	0
限	115	621	0
床	98	684	0
剂	47	979	0
罔	5	1962	0
垄	5	1963	0
曲	17	1383	0
贫	25	1233	0
灾	154	520	0
稳	48	966	0
疆	105	654	0
边	141	556	0
潘	5	1964	0
蔓	45	1001	0
衰	16	1411	0
占	25	1234	0
县	36	1091	0
褐	4	2049	0
捍	5	1965	0
嘲	18	1364	0
讽	24	1248	0
龄	8	1744	0
岁	38	1074	0
休	55	905	0
侃	2	2327	0
爷	10	1645	0
坎	7	1813	0
韦	38	1075	0
罕	34	1113	0
邻	10	1646	0
悉	10	1647	0
庆	32	1138	0
朋	12	1556	0
园	37	1080	0
香	140	557	0
颇	2	2328	0
祝	96	692	0
值	57	895	0
础	6	1878	0
帮	29	1179	0
凶	15	1443	0
颁	8	1745	0
授	49	951	0
妙	5	1966	0
编	23	1265	0
写	14	1486	0
册	5	1967	0
唐	20	1323	0
咋	4	2050	0
醒	20	1324	0
你	50	942	0
房	60	870	0
识	30	1166	0
欺	28	1187	0
箍	1	2554	0
咒	2	2329	0
初	59	879	0
拥	42	1027	0
迎	59	880	0
容	46	992	0
暂	74	790	0
型	100	678	0
挂	4	2051	0
旗	22	1282	0
玩	25	1235	0
忽	3	2170	0
守	53	919	0
账	37	1081	0
估	27	1203	0
侠	6	1879	0
九	28	1188	0
糕	28	1189	0
壮	6	1880	0
些	60	871	0
赢	84	756	0
焰	2	2330	0
凡	3	2171	0
馆	147	534	0
第	292	325	0
及	116	617	0
惕	11	1598	0
繁	11	1599	0
拦	32	1139	0
截	39	1063	0
飞	263	350	0
乐	45	1002	0
跟	23	1266	0
缴	14	1487	0
座	12	1557	0
角	58	888	0
楼	46	993	0
层	27	1204	0
吗	61	856	0
骑	6	1881	0
夜	44	1008	0
汽	42	1028	0
w	10	1648	0
t	31	1151	0
c	22	1283	0
h	17	1384	0
旅	56	900	0
凸	17	1385	0
尴	26	1219	0
尬	26	1220	0
份	61	857	0
瞄	9	1702	0
硝	3	2172	0
狠	5	1968	0
屋	8	1746	0
忆	6	1882	0
疯	12	1558	0
癫	2	2331	0
撕	11	1600	0
托	10	1649	0
跪	4	2052	0
奋	11	1601	0
雕	11	1602	0
龙	49	952	0
塌	4	2053	0
尚	30	1167	0
霆	1	2555	0
衅	214	417	0
忠	5	1969	0
寒	8	1747	0
泰	18	1365	0
六	68	820	0
卷	18	1366	0
养	67	824	0
狮	5	1970	0
呢	26	1221	0
包	61	858	0
航	395	235	0
归	25	1236	0
搜	16	1412	0
豁	11	1603	0
鲍	23	1267	0
绞	1	2556	0
汁	1	2557	0
训	39	1064	0
音	87	737	0
辞	37	1082	0
V	17	1386	0
锁	47	980	0
喉	1	2558	0
抡	1	2559	0
棒	8	1748	0
妇	20	1325	0
毫	19	1343	0
粹	5	1971	0
符	13	1520	0
恨	1	2560	0
纠	12	1559	0
松	33	1126	0
绑	12	1560	0
猪	8	1749	0
牛	12	1561	0
肉	20	1326	0
：	3478	15	0
芯	207	428	0
蔡	9	1703	0
十	67	825	0
侦	191	452	0
兑	5	1972	0
撒	13	1521	0
屑	3	2173	0
宝	4	2054	0
？	685	144	0
读	42	1029	0
夕	37	1083	0
，	1911	34	0
汇	24	1249	0
净	8	1750	0
辟	4	2055	0
铁	41	1042	0
脱	53	920	0
钩	27	1205	0
洁	76	780	0
缆	5	1973	0
娅	4	2056	0
谐	1	2561	0
而	48	967	0
弱	25	1237	0
余	36	1092	0
茂	7	1814	0
殊	9	1704	0
陆	101	673	0
觉	16	1413	0
瘟	3	2174	0
抛	6	1883	0
唯	6	1884	0
妈	27	1206	0
祖	7	1815	0
缓	36	1093	0
艰	34	1114	0
亮	22	1284	0
赵	71	806	0
映	9	1705	0
覆	8	1751	0
债	87	738	0
赠	7	1816	0
予	10	1650	0
谭	10	1651	0
摩	12	1562	0
擦	10	1652	0
礼	28	1190	0
惧	17	1387	0
颗	13	1522	0
乘	31	1152	0
汉	81	765	0
眼	58	889	0
描	1	2562	0
绘	1	2563	0
毅	27	1207	0
溯	7	1817	0
舆	14	1488	0
灯	10	1653	0
弯	3	2175	0
答	27	1208	0
卸	7	1818	0
链	14	1489	0
柯	7	1819	0
逢	2	2332	0
措	133	579	0
辛	28	1191	0
末	20	1327	0
膏	2	2333	0
卖	29	1180	0
萌	1	2564	0
银	48	968	0
谷	43	1015	0
摄	5	1974	0
氏	18	1367	0
温	48	969	0
澜	2	2334	0
闭	60	872	0
藏	36	1094	0
逃	47	981	0
劲	11	1604	0
碎	11	1605	0
怎	30	1168	0
荷	17	1388	0
巧	4	2057	0
沃	42	1030	0
衷	1	2565	0
迅	13	1523	0
坛	13	1524	0
陈	10	1654	0
菊	1	2566	0
宪	7	1820	0
碑	6	1885	0
锋	14	1490	0
添	21	1298	0
雇	26	1222	0
驱	59	881	0
逐	55	906	0
软	49	953	0
m	23	1268	0
夹	7	1821	0
缝	3	2176	0
誓	17	1389	0
赚	6	1886	0
丢	12	1563	0
惠	11	1606	0
稀	21	1299	0
撼	2	2335	0
徒	7	1822	0
裕	2	2336	0
李	32	1140	0
揣	2	2337	0
坠	49	954	0
整	30	1169	0
衡	17	1390	0
吾	1	2567	0
梳	4	2058	0
薪	39	1065	0
乡	8	1752	0
雅	24	1250	0
遽	1	2568	0
愿	67	826	0
乍	1	2569	0
崔	18	1368	0
冀	3	2177	0
E	49	955	0
q	2	2338	0
u	15	1444	0
f	13	1525	0
a	51	933	0
x	9	1706	0
娩	1	2570	0
辽	16	1414	0
宁	24	1251	0
乏	8	1753	0
凿	1	2571	0
绩	7	1823	0
坞	21	1300	0
猎	14	1491	0
狐	8	1754	0
闷	1	2572	0
敲	9	1707	0
砖	3	2178	0
佳	12	1564	0
贩	2	2339	0
奴	5	1975	0
废	10	1655	0
肤	1	2573	0
揭	22	1285	0
较	10	1656	0
懂	13	1526	0
钟	23	1269	0
郑	9	1708	0
娥	2	2340	0
释	36	1095	0
含	10	1657	0
江	11	1607	0
青	40	1058	0
厉	15	1445	0
杨	14	1492	0
雄	8	1755	0
列	120	608	0
荣	10	1658	0
铜	3	2179	0
坷	2	2341	0
梦	13	1527	0
插	6	1887	0
赶	18	1369	0
需	47	982	0
冒	14	1493	0
踢	5	1976	0
宵	18	1370	0
杏	2	2342	0
树	8	1756	0
寿	3	2180	0
木	22	1286	0
哪	41	1043	0
隆	6	1888	0
轮	54	913	0
魂	8	1757	0
砸	5	1977	0
脚	8	1758	0
蒙	17	1391	0
语	12	1565	0
孔	17	1392	0
届	17	1393	0
楔	1	2574	0
币	57	896	0
诈	28	1192	0
蕾	1	2575	0
涌	15	1446	0
途	15	1447	0
廷	19	1344	0
巾	4	2059	0
惩	10	1659	0
罚	37	1084	0
逍	1	2576	0
遥	6	1889	0
殖	13	1528	0
拳	2	2343	0
植	7	1824	0
类	55	907	0
e	61	859	0
r	22	1287	0
l	26	1223	0
n	39	1066	0
敏	10	1660	0
彰	1	2577	0
霾	4	2060	0
智	74	791	0
苹	31	1153	0
钉	1	2578	0
卓	3	2181	0
拘	10	1661	0
谍	26	1224	0
伟	50	943	0
烦	6	1890	0
蝗	1	2579	0
毕	12	1566	0
饥	4	2061	0
囤	7	1825	0
词	29	1181	0
鹅	6	1891	0
辈	1	2580	0
静	19	1345	0
绿	17	1394	0
典	36	1096	0
溶	5	1978	0
胶	15	1448	0
浮	3	2182	0
夸	15	1449	0
厂	38	1076	0
默	44	1009	0
曙	2	2344	0
笼	8	1759	0
载	27	1209	0
糊	6	1892	0
灰	6	1893	0
翻	28	1193	0
锯	3	2183	0
才	50	944	0
壤	10	1662	0
吃	28	1194	0
悦	1	2581	0
融	31	1154	0
纸	5	1979	0
谢	8	1760	0
素	26	1225	0
荡	8	1761	0
熔	3	2184	0
拐	5	1980	0
抉	4	2062	0
湖	10	1663	0
亦	3	2185	0
杯	8	1762	0
…	164	503	0
娱	4	2063	0
辗	1	2582	0
蛋	8	1763	0
碍	11	1608	0
跨	8	1764	0
阱	4	2064	0
崛	6	1894	0
黯	3	2186	0
拗	1	2583	0
崎	2	2345	0
岖	1	2584	0
洗	21	1301	0
液	10	1664	0
瞒	13	1529	0
雪	14	1494	0
炭	1	2585	0
哀	4	2065	0
悼	5	1981	0
逝	14	1495	0
扯	6	1895	0
咖	13	1530	0
啡	13	1531	0
概	3	2187	0
狙	5	1982	0
戏	15	1450	0
涯	1	2586	0
萧	4	2066	0
庚	1	2587	0
赔	19	1346	0
漩	2	2346	0
涡	4	2067	0
掌	10	1665	0
俱	9	1709	0
笛	1	2588	0
灵	10	1666	0
冥	1	2589	0
岗	9	1710	0
云	21	1302	0
陪	8	1765	0
g	6	1896	0
p	5	1983	0
猜	7	1826	0
脉	1	2590	0
盾	12	1567	0
珍	7	1827	0
珠	6	1897	0
涨	32	1141	0
纷	23	1270	0
酸	16	1415	0
谨	3	2188	0
慎	7	1828	0
傀	2	2347	0
儡	2	2348	0
宗	28	1195	0
览	7	1829	0
宿	2	2349	0
蝙	2	2350	0
蝠	2	2351	0
冤	2	2352	0
盼	13	1532	0
蓝	17	1395	0
鲎	1	2591	0
逆	7	1830	0
坟	2	2353	0
锏	1	2592	0
抄	5	1984	0
耍	5	1985	0
嗅	3	2189	0
丧	29	1182	0
棱	1	2593	0
循	7	1831	0
铺	11	1609	0
蚂	16	1416	0
蚁	16	1417	0
挣	1	2594	0
振	10	1667	0
潜	47	983	0
荫	1	2595	0
奔	1	2596	0
弦	3	2190	0
携	22	1288	0
虚	25	1238	0
赎	1	2597	0
锐	11	1610	0
惜	10	1668	0
狼	2	2354	0
吸	24	1252	0
拖	27	1210	0
刘	14	1496	0
鹤	3	2191	0
鸽	1	2598	0
夺	21	1303	0
胞	7	1832	0
握	13	1533	0
魔	3	2192	0
鬼	3	2193	0
柱	3	2194	0
铭	1	2599	0
帝	8	1766	0
蛇	3	2195	0
燎	1	2600	0
侨	3	2196	0
扔	2	2355	0
鸡	12	1568	0
哨	2	2356	0
柳	3	2197	0
叶	4	2068	0
刀	16	1418	0
撰	3	2198	0
介	28	1196	0
绍	5	1986	0
罢	7	1833	0
钻	2	2357	0
犀	1	2601	0
晓	15	1451	0
辑	1	2602	0
莎	9	1711	0
堡	18	1371	0
渡	26	1226	0
敢	16	1419	0
牵	14	1497	0
央	33	1127	0
殃	2	2358	0
脆	4	2069	0
漫	18	1372	0
漏	8	1767	0
洞	11	1611	0
柬	24	1253	0
埔	15	1452	0
寨	15	1453	0
祸	22	1289	0
酒	31	1155	0
住	58	890	0
摸	1	2603	0
妻	19	1347	0
彷	1	2604	0
徨	1	2605	0
滑	24	1254	0
袁	2	2359	0
勇	6	1898	0
紫	1	2606	0
坦	41	1044	0
赌	5	1987	0
腊	31	1156	0
鸿	8	1768	0
契	4	2070	0
厨	5	1988	0
食	70	808	0
牺	4	2071	0
牲	4	2072	0
绥	1	2607	0
芬	17	1396	0
尝	7	1834	0
铮	1	2608	0
鸣	3	2199	0
舞	35	1105	0
奈	19	1348	0
募	21	1304	0
泄	6	1899	0
范	25	1239	0
暖	9	1712	0
搏	3	2200	0
矢	3	2201	0
饮	11	1612	0
偿	16	1420	0
魅	3	2202	0
疟	2	2360	0
野	24	1255	0
湿	1	2609	0
鱼	44	1010	0
艺	9	1713	0
借	36	1097	0
霜	4	2073	0
戒	10	1669	0
笈	1	2610	0
冬	32	1142	0
篪	3	2203	0
抖	27	1211	0
针	43	1016	0
孟	19	1349	0
舟	9	1714	0
僵	9	1715	0
帕	19	1350	0
丰	14	1498	0
尖	9	1716	0
吨	19	1351	0
肥	8	1769	0
锻	1	2611	0
炼	2	2361	0
渔	31	1157	0
翁	9	1717	0
耗	15	1454	0
跃	5	1989	0
沦	17	1397	0
努	23	1271	0
吓	16	1421	0
颠	1	2612	0
篇	1	2613	0
丙	8	1770	0
醇	6	1900	0
补	41	1045	0
慧	1	2614	0
伐	7	1835	0
脖	15	1455	0
祭	3	2204	0
伪	9	1718	0
番	9	1719	0
掠	1	2615	0
喋	2	2362	0
腐	10	1670	0
朽	2	2363	0
库	83	760	0
坝	3	2205	0
蓄	6	1901	0
午	44	1011	0
巡	55	908	0
旨	10	1671	0
穆	11	1613	0
沿	15	1456	0
恪	2	2364	0
杉	24	1256	0
矶	24	1257	0
附	25	1240	0
遵	27	1212	0
擎	2	2365	0
搬	15	1457	0
递	5	1990	0
翼	10	1672	0
盎	1	2616	0
仪	34	1115	0
券	16	1422	0
U	19	1352	0
尾	6	1902	0
晋	3	2206	0
坑	6	1903	0
(	4	2074	0
)	4	2075	0
钓	33	1128	0
;	31	1158	0
酋	21	1305	0
桶	6	1904	0
贷	14	1499	0
怀	20	1328	0
篡	3	2207	0
妥	4	2076	0
暑	7	1836	0
礁	32	1143	0
堵	6	1905	0
峙	13	1534	0
迁	12	1569	0
胀	9	1720	0
豪	32	1144	0
坪	1	2617	0
沪	1	2618	0
捞	8	1771	0
脂	1	2619	0
良	10	1673	0
卒	1	2620	0
峡	48	970	0
踪	30	1170	0
楚	2	2366	0
旺	5	1991	0
诚	3	2208	0
倾	10	1674	0
恫	11	1614	0
巩	5	1992	0
固	16	1423	0
阁	8	1772	0
炒	20	1329	0
弓	2	2367	0
靖	5	1993	0
姚	5	1994	0
俊	9	1721	0
盲	6	1906	0
奉	10	1675	0
沟	8	1773	0
玉	13	1535	0
澄	11	1615	0
豆	28	1197	0
榜	15	1458	0
烂	3	2209	0
v	3	2210	0
履	14	1500	0
熊	2	2368	0
幼	4	2077	0
仔	2	2369	0
闯	20	1330	0
逻	12	1570	0
练	51	934	0
昨	11	1616	0
R	42	1031	0
驶	21	1306	0
磅	4	2078	0
翔	2	2370	0
兹	26	1227	0
冻	14	1501	0
劾	9	1722	0
袖	21	1307	0
耳	60	873	0
斡	3	2211	0
旋	8	1774	0
坐	12	1571	0
踩	1	2621	0
擅	11	1617	0
！	613	163	0
喀	4	2079	0
粉	10	1676	0
惯	3	2212	0
驰	1	2622	0
歼	16	1424	0
驾	20	1331	0
箭	34	1116	0
曼	23	1272	0
摧	15	1459	0
贾	5	1995	0
旦	9	1723	0
淆	1	2623	0
弋	1	2624	0
艇	42	1032	0
杜	22	1290	0
葡	3	2213	0
棕	2	2371	0
缅	5	1996	0
甸	2	2372	0
佤	2	2373	0
沈	8	1775	0
秦	1	2625	0
祥	1	2626	0
匿	10	1677	0
骸	3	2214	0
障	12	1572	0
仓	1	2627	0
慷	2	2374	0
励	11	1618	0
俘	4	2080	0
虏	3	2215	0
培	12	1573	0
酿	7	1837	0
味	12	1574	0
浓	5	1997	0
毙	10	1678	0
绳	32	1145	0
挡	5	1998	0
纲	9	1724	0
禽	1	2628	0
顶	15	1460	0
画	25	1241	0
斧	3	2216	0
顺	6	1907	0
宏	2	2375	0
熟	9	1725	0
悟	1	2629	0
鲲	2	2376	0
靶	5	1999	0
宇	17	1398	0
肌	5	2000	0
阅	6	1908	0
搁	4	2081	0
浅	3	2217	0
按	7	1838	0
廊	2	2377	0
拓	1	2630	0
拆	18	1373	0
臆	1	2631	0
＂	4	2082	0
剑	11	1619	0
摒	1	2632	0
莉	7	1839	0
窥	2	2378	0
衣	17	1399	0
咸	1	2633	0
督	7	1840	0
Q	8	1776	0
浑	2	2379	0
廓	1	2634	0
悄	7	1841	0
仁	7	1842	0
酝	2	2380	0
鳌	1	2635	0
填	10	1679	0
昆	1	2636	0
钢	8	1777	0
铝	2	2381	0
哲	1	2637	0
舌	5	2001	0
湛	1	2638	0
睹	3	2218	0
廉	8	1778	0
圳	2	2382	0
姿	3	2219	0
竣	1	2639	0
磁	8	1779	0
阐	1	2640	0
践	4	2083	0
岩	8	1780	0
蒸	3	2220	0
毗	2	2383	0
稠	1	2641	0
厅	24	1258	0
挪	12	1575	0
筑	10	1680	0
桌	3	2221	0
诞	17	1400	0
泊	3	2222	0
媲	1	2642	0
聿	1	2643	0
坍	1	2644	0
虽	9	1726	0
曦	1	2645	0
额	46	994	0
剩	11	1620	0
宽	7	1843	0
氢	8	1781	0
狗	4	2084	0
吠	2	2384	0
惨	11	1621	0
仅	34	1117	0
尺	2	2385	0
偷	13	1536	0
伞	2	2386	0
鸟	11	1622	0
晨	17	1401	0
阪	1	2646	0
厦	3	2223	0
帷	1	2647	0
掷	5	2002	0
块	3	2224	0
炉	10	1681	0
柔	1	2648	0
租	14	1502	0
绷	1	2649	0
劣	9	1727	0
框	4	2085	0
碴	1	2650	0
穷	15	1461	0
圆	4	2086	0
渲	5	2003	0
叛	7	1844	0
隧	3	2225	0
便	5	2004	0
坳	1	2651	0
挖	6	1909	0
泥	4	2087	0
啥	24	1259	0
纬	2	2387	0
铀	4	2088	0
伏	6	1910	0
彩	14	1503	0
虹	1	2652	0
炫	3	2226	0
耀	6	1911	0
柴	3	2227	0
舾	1	2653	0
梁	4	2089	0
蛙	2	2388	0
舶	1	2654	0
耿	5	2005	0
爽	7	1845	0
凤	3	2228	0
拔	5	2006	0
弩	2	2389	0
眉	5	2007	0
睫	1	2655	0
碧	1	2656	0
钧	1	2657	0
徐	2	2390	0
缔	1	2658	0
秒	14	1504	0
括	21	1308	0
︰	3	2229	0
贼	13	1537	0
耐	2	2391	0
飙	18	1374	0
忙	10	1682	0
耙	2	2392	0
贡	10	1683	0
献	9	1728	0
=	1	2659	0
牢	3	2230	0
【	19	1353	0
】	19	1354	0
幌	1	2660	0
s	17	1402	0
割	4	2090	0
唾	7	1846	0
→	3	2231	0
癌	3	2232	0
厘	2	2393	0
竖	11	1623	0
悍	1	2661	0
扭	6	1912	0
碰	4	2091	0
洽	3	2233	0
畅	6	1913	0
拍	15	1462	0
敬	5	2008	0
睛	7	1847	0
芙	1	2662	0
妮	4	2092	0
谦	2	2394	0
跷	2	2395	0
瞩	2	2396	0
皆	1	2663	0
啸	3	2234	0
逞	6	1914	0
绊	2	2397	0
闹	15	1463	0
埋	1	2664	0
葬	8	1782	0
硅	3	2235	0
亩	12	1576	0
扛	5	2009	0
她	7	1848	0
谬	8	1783	0
钦	7	1849	0
寡	1	2665	0
奏	3	2236	0
侄	3	2237	0
姐	14	1505	0
腾	6	1915	0
栋	1	2666	0
滩	3	2238	0
丸	1	2667	0
昏	3	2239	0
讥	1	2668	0
详	2	2398	0
韭	1	2669	0
菜	4	2093	0
谅	3	2240	0
铅	1	2670	0
鉴	2	2399	0
剥	3	2241	0
刃	4	2094	0
倡	6	1916	0
亏	8	1784	0
馥	1	2671	0
蕤	1	2672	0
X	7	1850	0
丛	3	2242	0
替	5	2010	0
孙	9	1729	0
"	72	798	0
d	15	1464	0
勤	12	1577	0
娜	7	1851	0
羟	3	2243	0
氯	6	1917	0
喹	6	1918	0
荐	8	1785	0
菌	8	1786	0
株	1	2673	0
餐	41	1046	0
淡	12	1578	0
丈	1	2674	0
馈	1	2675	0
滞	4	2095	0
芭	2	2400	0
橄	3	2244	0
榄	3	2245	0
忌	6	1919	0
糅	1	2676	0
躲	5	2011	0
堂	14	1506	0
婚	20	1332	0
轨	15	1465	0
懈	3	2246	0
雨	13	1538	0
盒	4	2096	0
亥	16	1425	0
宠	3	2247	0
卜	5	2012	0
滨	2	2401	0
莲	1	2677	0
诽	2	2402	0
谤	2	2403	0
哄	5	2013	0
篮	11	1624	0
赫	10	1684	0
堆	4	2097	0
殡	8	1787	0
涂	3	2248	0
鸦	6	1920	0
槛	3	2249	0
鼠	2	2404	0
赃	4	2098	0
诟	1	2678	0
疏	11	1625	0
鲶	2	2405	0
祈	2	2406	0
疹	14	1507	0
裹	7	1852	0
庞	1	2679	0
陵	2	2407	0
敖	1	2680	0
薄	3	2250	0
琴	12	1579	0
肠	3	2251	0
杆	2	2408	0
堕	3	2252	0
胎	2	2409	0
涝	1	2681	0
洪	23	1273	0
堤	2	2410	0
鲸	2	2411	0
殇	5	2014	0
厄	4	2099	0
瓜	20	1333	0
琼	2	2412	0
凰	2	2413	0
诠	1	2682	0
刷	15	1466	0
矿	7	1853	0
滋	6	1921	0
徙	2	2414	0
碗	1	2683	0
唤	4	2100	0
械	6	1922	0
套	9	1730	0
膺	1	2684	0
舒	3	2253	0
缉	2	2415	0
酷	4	2101	0
劫	12	1580	0
匪	3	2254	0
辜	2	2416	0
殉	2	2417	0
骁	1	2685	0
匹	3	2255	0
孕	1	2686	0
宙	3	2256	0
寓	3	2257	0
猕	1	2687	0
猴	1	2688	0
轿	1	2689	0
皇	10	1685	0
踏	4	2102	0
盈	1	2690	0
陡	3	2258	0
寸	1	2691	0
隶	4	2103	0
喷	12	1581	0
泉	2	2418	0
鲨	2	2419	0
谊	1	2692	0
渊	3	2259	0
纺	3	2260	0
岳	2	2420	0
晴	1	2693	0
晶	2	2421	0
脏	6	1923	0
遛	1	2694	0
鳄	3	2261	0
吻	11	1626	0
田	13	1539	0
叔	1	2695	0
砷	1	2696	0
宅	4	2104	0
+	14	1508	0
罐	2	2422	0
蔬	2	2423	0
爵	3	2262	0
幢	1	2697	0
渗	8	1788	0
朱	11	1627	0
诫	2	2424	0
羁	2	2425	0
姬	1	2698	0
泪	9	1731	0
吭	4	2105	0
尸	8	1789	0
饭	5	2015	0
柄	4	2106	0
偶	4	2107	0
绅	4	2108	0
摘	11	1628	0
谱	5	2016	0
匣	2	2426	0
竹	5	2017	0
髓	4	2109	0
摔	4	2110	0
掰	2	2427	0
俑	4	2111	0
掘	3	2263	0
毛	4	2112	0
噩	7	1854	0
嘛	6	1924	0
烨	2	2428	0
拯	7	1855	0
稚	2	2429	0
虎	6	1925	0
垮	2	2430	0
绎	2	2431	0
沸	3	2264	0
尘	6	1926	0
旭	2	2432	0
酬	2	2433	0
侯	3	2265	0
吵	9	1732	0
凝	2	2434	0
般	3	2266	0
姑	4	2113	0
娘	5	2018	0
丝	5	2019	0
钞	3	2267	0
魄	2	2435	0
睡	12	1582	0
惮	3	2268	0
逸	3	2269	0
澎	2	2436	0
湃	2	2437	0
哽	5	2020	0
咽	5	2021	0
汹	4	2114	0
哭	6	1927	0
勉	2	2438	0
腻	2	2439	0
遮	3	2270	0
懵	2	2440	0
桂	2	2441	0
糖	4	2115	0
乖	4	2116	0
踵	4	2117	0
锤	5	2022	0
蹈	4	2118	0
辙	4	2119	0
誉	8	1790	0
榔	2	2442	0
郎	8	1791	0
y	10	1686	0
叠	2	2443	0
辆	17	1403	0
耕	6	1928	0
咬	4	2120	0
「	2	2444	0
」	2	2445	0
瑟	5	2023	0
聪	6	1929	0
遍	8	1792	0
碾	4	2121	0
俗	4	2122	0
羡	8	1793	0
慕	8	1794	0
纤	2	2446	0
蜂	3	2271	0
桥	7	1856	0
詹	6	1930	0
喂	2	2447	0
猞	2	2448	0
猁	2	2449	0
闸	4	2123	0
焖	8	1795	0
甘	5	2024	0
乃	3	2272	0
溺	3	2273	0
沮	6	1931	0
骤	2	2450	0
忱	2	2451	0
筛	2	2452	0
腰	2	2453	0
狄	7	1857	0
赦	4	2124	0
镑	2	2454	0
橙	4	2125	0
宛	5	2025	0
嘘	2	2455	0
拾	4	2126	0
溃	10	1687	0
杠	4	2127	0
址	2	2456	0
盯	7	1858	0
跤	2	2457	0
萄	2	2458	0
讦	2	2459	0
嘴	9	1733	0
辅	2	2460	0
玫	4	2128	0
瑰	4	2129	0
噱	2	2461	0
侍	2	2462	0
浦	4	2130	0
咯	6	1932	0
屠	10	1688	0
莽	3	2274	0
貂	13	1540	0
勘	2	2463	0
啃	6	1933	0
|	35	1106	0
梵	6	1934	0
恼	2	2464	0
烹	2	2465	0
饪	2	2466	0
恒	2	2467	0
婿	3	2275	0
脊	3	2276	0
椎	3	2277	0
伸	6	1935	0
窗	9	1734	0
啤	4	2131	0
栗	3	2278	0
肇	2	2468	0
腹	5	2026	0
弊	24	1260	0
｜	4	2132	0
眠	2	2469	0
喧	3	2279	0
嚣	7	1859	0
（	6	1936	0
）	6	1937	0
颂	6	1938	0
辍	4	2133	0
焉	2	2470	0
镇	9	1735	0
迥	2	2471	0
胆	5	2027	0
勾	5	2028	0
憾	4	2134	0
窄	4	2135	0
袱	3	2280	0
饰	3	2281	0
铃	4	2136	0
淇	2	2472	0
淋	2	2473	0
拷	4	2137	0
虫	12	1583	0
鼻	2	2474	0
腔	2	2475	0
凉	3	2282	0
棋	3	2283	0
诱	3	2284	0
欠	13	1541	0
瞎	4	2138	0
剔	2	2476	0
愣	2	2477	0
菅	28	1198	0
笃	2	2478	0
浒	4	2139	0
藤	3	2285	0
渠	2	2479	0
熙	2	2480	0
译	2	2481	0
唆	2	2482	0
斩	3	2286	0
％	10	1689	0
汀	2	2483	0
羹	2	2484	0
郭	2	2485	0
殴	2	2486	0
痊	5	2029	0
润	7	1860	0
捧	4	2140	0
奄	4	2141	0
钮	2	2487	0
铠	4	2142	0
妨	3	2287	0
慈	5	2030	0
欣	6	1939	0
臂	3	2288	0
某	6	1940	0
棉	4	2143	0
乙	6	1941	0
烷	2	2488	0
圭	4	2144	0
劝	12	1584	0
撑	4	2145	0
囊	5	2031	0
魁	2	2489	0
磊	2	2490	0
淨	2	2491	0
聘	3	2289	0
茄	2	2492	0
淘	2	2493	0
湄	4	2146	0
娟	10	1690	0
兽	5	2032	0
&	30	1171	0
#	30	1172	0
Y	3	2290	0
b	6	1942	0
簿	3	2291	0
宋	2	2494	0
琛	2	2495	0
龟	4	2147	0
圜	2	2496	0
捉	6	1943	0
咎	2	2497	0
蝉	2	2498	0
董	5	2033	0
傅	4	2148	0
酣	3	2292	0
宰	1	2699	0
牧	3	2293	0
虾	3	2294	0
垫	1	2700	0
页	4	2149	0
捱	1	2701	0
舍	1	2702	0
捡	1	2703	0
榨	2	2499	0
捐	7	1861	0
煤	2	2500	0
咳	3	2295	0
嗽	3	2296	0
孰	2	2501	0
哔	1	2704	0
哩	1	2705	0
飈	1	2706	0
荆	1	2707	0
棘	1	2708	0
谓	11	1629	0
庄	1	2709	0
琐	1	2710	0
陶	4	2150	0
拭	2	2502	0
剿	2	2503	0
苛	1	2711	0
劃	1	2712	0
\	1	2713	0
麾	2	2504	0
惋	3	2297	0
拱	1	2714	0
殷	1	2715	0
盆	1	2716	0
蔽	3	2298	0
澈	2	2505	0
倔	1	2717	0
瓷	3	2299	0
蹄	1	2718	0
怂	1	2719	0
恿	1	2720	0
黩	1	2721	0
趁	1	2722	0
佣	2	2506	0
岂	1	2723	0
蹿	3	2300	0
捺	1	2724	0
扶	1	2725	0
腥	1	2726	0
串	1	2727	0
鄙	1	2728	0
觊	1	2729	0
觎	1	2730	0
讧	2	2507	0
菠	2	2508	0
萝	2	2509	0
旁	2	2510	0
崖	3	2301	0
扫	4	2151	0
。	5	2034	0
抽	2	2511	0
且	5	2035	0
拧	1	2731	0
仿	6	1944	0
奶	1	2732	0
渣	1	2733	0
涅	5	2036	0
芊	1	2734	0
醉	2	2512	0
圈	3	2302	0
枣	2	2513	0
厥	1	2735	0
雾	6	1945	0
鸠	2	2514	0
讣	2	2515	0
躺	3	2303	0
朴	1	2736	0
阂	1	2737	0
壁	1	2738	0
垒	1	2739	0
贯	4	2152	0
啊	2	2516	0
吴	2	2517	0
钊	1	2740	0
燮	1	2741	0
恋	1	2742	0
禅	1	2743	0
彼	5	2037	0
甜	1	2744	0
赈	2	2518	0
歪	3	2304	0
奢	1	2745	0
侈	1	2746	0
柜	1	2747	0
葩	1	2748	0
恭	2	2519	0
钠	1	2749	0
宕	1	2750	0
吝	1	2751	0
啬	1	2752	0
猝	1	2753	0
汤	1	2754	0
蟹	3	2305	0
螃	1	2755	0
悚	3	2306	0
壹	3	2307	0
肢	2	2520	0
稽	4	2153	0
沾	1	2756	0
疲	2	2521	0
惫	1	2757	0
‘	2	2522	0
’	2	2523	0
栅	2	2524	0
侣	1	2758	0
屏	3	2308	0
叒	1	2759	0
叕	1	2760	0
睐	2	2525	0
④	1	2761	0
椒	4	2154	0
呕	5	2038	0
搐	1	2762	0
玄	1	2763	0
贻	2	2526	0
唬	2	2527	0
晕	1	2764	0
撇	2	2528	1
粗	1	2765	1
瞬	2	2529	1
君	1	2766	1
箱	8	1796	1
怜	1	2767	1
蚀	1	2768	1
句	5	2039	1
兜	3	2309	1
遴	2	2530	1
噪	1	2769	1
唉	1	2770	1
①	1	2771	1
嫉	1	2772	1
妒	1	2773	1
嚷	1	2774	1
叉	3	2310	1
喝	3	2311	1
玻	2	2531	1
璃	2	2532	1
刮	1	2775	1
拽	1	2776	1
镖	1	2777	1
廖	1	2778	1
嗨	1	2779	1
昔	2	2533	1
腿	1	2780	1
雏	1	2781	1
翅	1	2782	1
靓	1	2783	1
姓	2	2534	1
铤	1	2784	1
蔚	1	2785	1
忒	3	2312	1
橡	6	1946	1
厢	1	2786	1
弘	1	2787	1
齿	1	2788	1
 	842	113	1
挝	6	1947	1
辣	1	2789	1
淫	1	2790	1
秽	1	2791	1
　	2	2535	1
敛	1	2792	1
哦	1	2793	1
蛮	2	2536	1
哗	1	2794	1
鏖	1	2795	1
焚	2	2537	1
卉	1	2796	1
斑	6	1948	1
岭	1	2797	1
肮	1	2798	1
聊	1	2799	1
斐	1	2800	1
憋	1	2801	1
讶	2	2538	1
旱	1	2802	1
栽	1	2803	1
捂	1	2804	1
奧	2	2539	1
禧	1	2805	1
瘤	1	2806	1
帅	1	2807	1
喻	1	2808	1
妍	1	2809	1
橘	1	2810	1
郡	1	2811	1
睁	3	2313	1
臭	3	2314	1
昭	1	2812	1
拇	1	2813	1
绸	2	2540	1
苯	2	2541	1
硫	2	2542	1
醚	2	2543	1
奎	1	2814	1
熏	1	2815	1
椅	1	2816	1
侮	1	2817	1
恰	2	2544	1
桩	1	2818	1
簧	1	2819	1
诧	1	2820	1
诗	1	2821	1
熄	1	2822	1
晰	1	2823	1
胃	1	2824	1
靴	1	2825	1
畜	1	2826	1
祷	1	2827	1
啪	2	2545	1
